21.892426
21.210865
84.316217
19.131123
5.6822523
37.711549
2.1619986
23.588019
53.580891
19.638376
1.1253947
35.900129
16.727345
0.038323284
0.18982745
8.8632477
31.184038
6.9106001
2.9370776
291.40582
0.19163924
12.383442
0.90309656
1.3304574
30.429702
17.013394
14.501318
3.0921152
1.040271
113.28935
1.3377374
84.24977
97.121386
12.919502
1.4375593
22.190957
35.575965
9.3848212
0.56981184
10.631233
11.579547
8.3738824
0.111794
8.7623612
67.86996
101.50697
223.37192
53.371218
17.865949
45.856349
15.718074
1.8313167
17.469595
10.539647
2.040047
214.41667
7.6818724
14.827959
0.93671943
2.4012676
21.313451
13.949366
82.192729
84.532368
78.905559
38.019969
98.655002
1.5935953
0.41333859
3.0424084
23.346135
21.366757
1.4517325
64.181704
58.924305
0.51492652
34.415547
25.762523
107.18857
86.854381
0.10145328
1.6910476
39.916634
0.82211538
0.57147222
23.001645
11.101097
35.589182
44.549726
50.226356
12.92011
120.08595
40.379252
33.638778
57.804319
0.18323602
21.440344
8.6492583
33.887086
18.481758
30.421235
35.267155
1.6903439
86.323719
22.006033
3.1971215
0.15997844
119.1093
2.2276278
231.76297
0.77793361
0.7980086
1.237876
1.0072959
47.452397
17.624158
23.241486
35.902659
0.12821537
1.1228741
21.615124
0.56526674
73.918809
123.18643
105.21817
34.136321
1.7702719
31.230481
1.9960752
6.8500801
0.44947473
42.905995
32.62304
16.546411
28.687169
2.8190791
19.171674
25.400679
73.963451
26.823364
27.549794
38.613161
18.649216
0.20176507
78.648379
1.0443477
101.52005
35.372991
20.335859
134.1908
1.8392419
0.14448408
195.94162
27.965188
29.988262
23.940642
32.038706
30.148266
40.73935
0.85900344
8.7502541
28.160697
29.738983
57.417055
37.305118
66.360568
24.007615
89.529085
33.819884
22.384684
8.0204811
0.21804213
66.866918
9.9380106
0.89292769
139.35185
30.611919
4.1893689
1.5909382
46.828438
148.36447
68.504464
72.080629
2.2795652
3.8272777
26.380832
30.83696
2.3815218
29.715412
3.1690078
3.6879657
0.74634569
0.64626299
58.619789
42.752583
2.0980369
36.127292
11.580227
6.3921819
24.148306
83.907164
83.381484
2.68852
11.949906
108.26978
0.42279634
8.1769311
42.349795
129.89399
89.384292
23.65824
14.966377
4.0902552
0.10592821
84.43381
0.54384442
106.56493
28.031937
17.974775
24.76044
4.0687366
65.166909
161.32012
19.395315
238.20179
134.51983
8.7077122
26.991375
11.516246
0.87116069
36.063208
1.5137198
35.821927
3.0009353
20.166508
5.5309078
12.137584
20.920979
11.427707
0.19214589
43.826853
1.1846497
11.125116
39.638579
7.646141
25.520368
5.6041863
71.997074
3.1349205
0.41766793
0.55231906
2.9939695
0.31445258
105.64771
11.855531
81.053617
6.7423579
5.3069059
15.845187
9.9596849
13.681751
2.3485491
2.8682844
0.82487371
0.47374652
19.225825
2.8331097
69.789659
21.372641
14.863345
162.19676
0.27412529
52.119327
114.86318
0.8030108
24.862988
13.634916
10.425196
25.228264
96.292626
87.626479
0.6046542
34.538773
31.879877
13.770748
58.12449
10.02452
26.742554
34.668876
0.28612806
8.4273312
3.4586394
26.951308
0.33732834
1.0038809
40.553011
43.730481
28.611081
34.116009
6.5095486
17.239351
4.0433212
0.99686708
19.238889
7.6305309
43.735328
57.684146
7.0171839
0.62302047
101.02809
78.44893
23.956513
26.850616
25.125857
61.314359
11.749001
5.2039553
0.7362402
18.279733
0.55063533
61.173241
36.999667
4.6311741
49.349357
22.78023
0.66067724
1.0323035
73.230221
19.558449
273.80582
25.438309
26.092505
14.808309
6.4473603
46.759689
42.260841
71.302075
74.63554
24.701409
66.280428
38.040453
43.310012
73.989462
172.74064
2.0300442
35.558139
2.801975
15.196277
84.141648
34.379811
57.235552
5.4319341
1.8819246
2.7735624
13.388103
74.561216
145.3995
3.2729623
172.25465
14.294184
19.63922
44.846132
0.26607453
10.417692
57.265842
31.240845
1.9791488
47.467111
9.6988256
113.68421
1.5977038
2.3918352
22.376036
24.447378
51.114023
21.214725
18.482367
22.217027
100.18912
44.657659
48.220419
1.3406608
0.47234672
41.021081
1.554942
28.665912
0.44186255
26.563865
94.339834
105.28293
65.467236
12.150957
20.142215
4.1266144
5.1699647
42.431292
63.966865
40.918948
4.0653579
10.676771
39.41733
24.06791
90.574765
1.9286611
1.6436271
6.8982233
0.56879302
2.9057496
0.87857836
1.2569845
0.30557078
5.9417522
1.487671
3.0165456
0.30767513
0.73001225
63.546464
26.419556
1.3586362
16.251444
27.511171
4.2858642
20.7469
101.31991
207.923
5.6317236
3.0358795
121.24154
1.9107131
25.012592
0.80364099
22.640969
0.91692986
126.73159
4.3798171
2.0032573
0.35648838
1.2946427
9.0461063
61.3513
44.574006
2.1880046
10.321491
2.5614188
26.507382
241.36512
1.324138
42.408395
15.637189
0.056803309
29.621783
8.1455823
0.42379669
24.848974
3.3127692
27.072455
185.11604
8.7968434
17.980846
14.544809
16.52453
151.76171
104.90645
24.039474
0.62744977
165.73349
4.2175288
4.9494062
0.47695785
0.88811808
16.213844
2.4009012
104.1896
1.9336337
65.946661
57.423782
30.374057
3.3142239
19.874806
27.7411
1.0877264
30.162618
31.080593
67.631173
15.344667
0.33566606
127.38291
17.485076
89.498308
2.3010283
18.971935
13.202638
4.7439486
0.50322741
39.955031
39.421507
0.11574763
24.526695
45.04393
55.894567
46.869349
0.65609844
8.679839
14.422471
1.398267
39.933168
0.30780804
94.539239
81.194952
25.53249
43.335111
10.690361
37.292134
16.188659
18.891395
123.28306
55.396643
17.590457
0.97367092
0.48600784
32.003744
0.38265944
2.394538
70.353633
0.73022171
73.611857
52.447213
0.37783747
35.149395
88.082859
4.9882423
1.6333096
53.65846
31.093169
1.7897494
142.26076
39.463397
15.430766
10.665471
26.174101
4.9748319
3.2346241
48.741531
0.50793673
42.902677
1.0651625
38.307102
84.273355
2.2589454
1.0853305
60.325498
0.6435285
1.9865849
9.8799434
0.43056215
27.302165
3.6731931
24.037148
127.63865
0.70325689
5.254258
12.193356
38.611985
52.975227
14.210568
7.3614928
129.10442
12.895417
1.2828811
24.030382
0.48193858
114.18675
26.809044
1.1963709
1.7554404
36.522519
57.308235
11.619532
63.706859
20.24707
34.195853
53.870206
109.93512
24.535086
43.153908
41.354509
39.735129
33.050572
4.2620611
30.485397
78.386291
7.8910995
0.60548889
18.622718
0.59701325
91.453726
3.2447602
105.42685
1.9221188
1.0079779
58.572033
2.6018493
4.8965306
1.0566859
67.795707
31.645109
129.03904
23.524247
10.529691
59.62568
97.35006
17.630345
8.963194
146.89506
16.507243
57.423436
38.858356
1.9924783
0.71592955
23.94147
7.4112941
123.94439
37.629876
0.22344585
69.229263
33.852792
20.677635
0.82363773
19.751492
0.53123727
29.941317
66.602487
9.6936116
2.7674881
0.95821474
6.4865174
2.4246789
97.712861
2.51754
1.2140797
35.819819
11.110904
7.6724975
29.880904
15.999714
13.323416
57.332738
3.1019491
9.2346947
26.933279
0.52757511
11.248918
0.68381882
76.672336
2.2065034
3.8880123
11.268864
4.2442434
4.2788063
12.9336
2.8050527
3.186412
47.045281
35.797154
73.049011
113.35614
28.899117
2.351509
0.49867864
74.890483
34.241851
26.505229
2.2536269
40.169648
4.5317523
4.2557963
23.928186
3.0605113
3.1013241
41.845894
64.077474
3.0550273
0.98532484
0.82120355
77.109132
4.3369497
3.3433457
54.122353
3.8457981
5.6808598
64.830731
4.058751
16.769525
9.0677311
27.05655
38.439335
73.225802
0.45046167
0.49528722
6.8213907
40.68052
25.536023
18.576765
12.360346
0.23899505
27.163741
0.51874101
0.13317483
51.917795
32.742295
2.1861998
59.800728
1.6615828
48.095706
33.796127
32.412434
13.61061
79.74896
38.193463
2.0992127
0.24129283
119.83281
8.3734036
77.759593
35.887817
0.53317195
6.6699871
26.245378
96.070622
0.37010077
0.048947786
0.61110006
0.36834437
29.655863
17.226068
0.30065659
14.365864
79.165211
13.866261
0.90465399
0.64803777
0.12710513
26.894143
4.7028339
4.4168676
38.154103
30.404477
56.782713
44.400004
59.122727
1.8484216
32.850621
12.732255
10.885217
8.9241803
19.319386
13.521525
6.4968012
75.24844
83.939927
65.942774
3.0144084
44.53488
48.201092
48.038065
1.5609325
12.264246
81.27006
27.709309
11.787971
1.8447016
0.76983702
38.893743
20.586573
29.130907
0.85648352
10.104951
82.150268
22.059045
127.7187
80.688816
1.7379402
6.9768427
1.3947091
6.4959375
9.3563151
8.7423602
49.028266
1.8329931
5.7606345
4.2057698
35.361314
25.657697
1.1657015
27.992472
21.939957
1.2828448
2.5010018
2.6929303
27.373253
1.4124126
1.9796757
182.6017
10.656876
1.4340157
60.854624
48.249472
61.110926
0.70375915
34.271722
16.957579
1.3604821
54.388543
0.76019288
62.688544
1.021472
28.340695
1.2405813
9.3397235
1.7524949
109.55718
2.328982
1.5416383
0.41189621
25.700993
43.065267
1.437745
0.95934122
10.87328
19.139559
22.404283
30.086377
27.560041
0.94067738
8.2301035
35.796826
38.735249
133.36797
5.847212
2.3145109
28.86101
0.92757622
16.575225
2.1657305
0.65012311
22.352396
1.3931963
1.3298093
30.0271
2.5084706
102.21054
2.4247478
84.996916
70.137218
0.33219415
7.8278864
29.409649
77.796842
33.30673
21.992006
70.630448
65.810131
0.079034982
1.1393922
15.450836
0.46742463
1.2322658
0.2843954
2.7457996
124.50202
66.084288
0.51238077
4.122317
31.081091
56.923335
93.273144
0.3047094
6.909658
44.772186
55.199945
5.0411341
32.282969
15.599865
1.6939869
39.683394
63.207855
50.215387
3.8311584
2.9976802
0.39031939
6.1307654
0.8762869
0.9452461
41.923341
59.731355
70.00317
44.939411
20.613852
34.648253
0.56746175
0.4002773
70.191279
1.4396304
30.368743
7.7434677
12.141326
58.602051
63.070273
47.748941
6.9705802
0.72167824
41.560182
25.829107
22.90727
41.750523
24.233005
0.089985898
0.45220252
11.285131
0.36885204
143.53568
6.1295828
3.6962205
44.10454
0.74498183
20.151141
2.1371362
15.128738
54.098861
69.721553
16.137758
0.21590615
94.804732
42.299508
103.86512
61.567648
117.42774
52.324796
3.1343932
0.1908394
2.7989898
5.6683603
1.1261358
12.291088
189.00094
2.1446102
24.19845
20.100217
0.60083797
65.387798
15.312674
109.16446
40.833048
12.03759
0.88231631
22.167422
72.918596
31.83173
2.2509853
0.95357002
55.207998
7.185034
2.51061
67.638364
49.336865
2.3325106
7.7861549
0.072274481
80.850867
0.16313665
2.5546433
2.9043469
0.13129952
28.375625
4.162675
36.935593
0.76860849
99.733417
69.616299
10.06576
22.394911
1.4616048
4.9992304
4.2476369
0.43568574
48.629021
13.362272
122.05302
45.696964
90.962228
2.5265939
30.831228
18.518236
16.866742
4.7427217
52.428141
96.560301
0.34139117
3.3783772
0.25543024