334.33143
473.77072
80.553971
250.60024
1.5155483
52.248431
357.35332
0.38098496
2.8587881
25.442746
3.0376587
4.0091064
0.078633761
0.27809966
5.2818742
222.21375
1.5787822
0.4830778
260.8939
23.640815
9.9429018
0.82718685
3.2977565
6.862169
621.60927
92.051724
0.77526378
0.15895024
51.355301
367.59973
482.23311
674.48941
183.70987
89.480242
4.5138622
231.91386
146.29821
2.4639887
155.61879
194.1428
176.07424
3.9497261
217.46081
26.671109
0.27750251
3.896774
318.21237
0.08935675
0.097905191
554.41439
1.4551303
0.74900975
1.4240172
0.22271609
5.3937118
119.98598
94.236088
10.874267
219.4119
3.4782001
1146.8683
6.8694358
73.669266
0.24435173
808.41066
577.33981
1.6319857
0.44286262
94.53854
4.6728866
70.416974
0.086847884
0.75533757
8.2240761
2.9882354
353.25579
0.25196918
1.7793475
84.591457
0.83774449
3.9239659
60.086757
0.18782683
396.1788
470.55157
258.3022
239.7015
0.47106173
0.4519537
529.96255
3.2692102
149.10487
9.4387312
254.80409
2.7572677
14.86845
49.243731
2.8863478
67.904254
0.94091507
1.317145
23.66287
0.9190532
1.5260023
328.49622
2.2862635
5.1635207
325.16401
299.33545
0.42880436
1.7061017
3.9842256
3.162757
101.35061
12.348711
3.8705666
197.9552
0.48636044
146.78696
0.033408614
0.44315473
0.45174447
2.4437238
1.9758808
65.528355
104.76922
0.7200484
0.565846
302.74459
4.1791891
5.2790844
2.3006749
239.31163
0.43675364
0.44417066
15.460372
514.90095
152.26238
11.527526
1.7626906
4.1612286
12.040906
20.926275
59.357508
10.217061
246.98922
1.345864
67.096009
0.4659919
66.878871
2.3988736
0.60366939
131.89041
8.2227525
224.25522
362.95837
108.66454
534.69227
9.0434564
117.86303
0.69193675
62.264915
1.4282138
1.7483861
0.95705728
1.4840201
6.2986173
254.32559
106.96853
12.931988
6.4584698
4.7902672
408.35705
0.89461269
0.4033515
0.096580866
1.3276825
3.2717795
4.2617326
160.73646
0.16443682
5.8222419
3.7897884
875.42298
104.60627
3.0000167
837.69875
54.288566
31.309512
329.85731
454.14432
106.4255
507.41198
46.381077
6.5594085
122.25414
4.0629775
3.698561
116.83482
75.58872
1.6428627
12.146464
3.5936879
63.589706
153.95987
110.29425
4.1004736
0.79212678
1.8296691
0.47037341
2.5554185
8.7797138
4.2381625
0.15961956
26.614287
44.063763
351.75468
67.537983
35.258876
5.337081
444.93108
1.5168577
77.252126
3.7353362
102.1035
5.9583804
4.7291812
0.088262933
6.0310251
304.01286
4.0172775
173.85779
452.83581
93.654978
2.6666356
210.46205
4.3242241
231.81836
156.63518
2.7485062
1.5649605
3.1769287
2.8770553
4.7927493
705.30292
0.55079158
381.06978
1.5472483
165.40757
0.12146951
5.8011758
7.5564465
49.434973
19.214639
7.3793282
203.81484
4.1421879
1.6679448
5.9031461
0.82285039
0.10366623
55.087884
540.38991
56.834932
0.091475187
1.8919137
121.16298
192.8658
6.7366045
3.237823
114.52302
3.3904215
80.80744
0.049103778
1310.4802
9.7344134
543.38674
0.23063077
356.61126
519.82385
147.05005
1.5567862
9.4699382
338.23524
4.9785598
280.8811
0.074136327
376.41011
0.1876961
5.3230956
273.46811
4.1277275
5.6965204
1.5473866
13.918437
10.831962
34.939323
1.0547021
907.72061
236.69406
213.28751
126.21222
94.667013
146.68884
5.1663686
3.3328972
0.16215734
1.2353802
15.938259
191.38452
611.78046
1.2452707
0.94151463
830.57095
5.9462564
5.6898252
99.209255
206.72774
0.12182572
2.1883486
0.11623902
125.9451
489.06615
1.236353
4.1290536
42.231833
1.0807973
5.2566579
25.092217
0.9510496
75.394431
2.3071868
3.0185928
40.516202
26.305538
0.044682619
38.627368
0.11353964
130.28647
1.7927484
1.1804226
27.530354
336.14192
20.314758
153.51902
1.9547786
7.332352
9.0485635
197.05352
0.54801386
116.38802
3.1579143
33.702464
9.636432
3.0284002
340.02992
1.1747239
2.725693
467.34692
4.9650309
140.05246
2.7063179
295.17175
286.05214
0.7084169
5.5230054
0.31428012
2.9066904
277.59042
263.81134
8.5840085
1.7147186
422.96768
0.66842688
271.88835
34.45304
84.622358
0.43267673
767.02948
0.076400697
1136.4867
409.92265
0.23533358
0.23841343
0.24568144
0.054697273
85.771709
7.9443845
3.4780838
338.97512
5.2700606
195.73952
1.754188
690.88827
1.6033908
14.549135
0.97586692
346.1919
45.067515
0.32415986
37.608156
32.143223
51.011737
0.75736446
33.829031
151.45678
0.23373871
0.8773032
186.47348
142.35226
225.89282
10.103583
233.23043
336.62887
117.13816
1.2664855
9.6353589
2.6994619
0.078326412
929.15325
7.8301065
181.64387
4.5970262
0.14980284
0.77575575
8.1655259
307.68409
6.1898964
200.74874
139.23854
0.81880494
209.87082
5.8005558
156.56061
0.25977161
0.79716181
299.65692
620.93729
75.839853
46.851117
0.23338426
5.0292785
288.47541
1.5429591
7.7830948
0.80893318
247.70657
2.8704375
0.49450923
4.5873705
1.2126633
0.071199718
593.58647
290.79571
1.5548642
539.56654
220.79846
52.424057
65.451578
173.07172
29.361511
0.82894311
2.8381562
10.609442
24.222125
5.4188999
97.378371
0.75298219
126.51893
2.5872692
196.14558
4.2576764
3.3549463
6.9007719
1.5827028
4.2353279
0.43828776
51.761638
1.6677345
1.19448
7.8492152
2.6878084
198.98243
4.0974157
116.30057
65.410089
5.6511834
0.39469066
254.7767
133.96996
0.77880361
137.52552
464.19398
5.1066071
5.544358
0.81259197
690.14216
0.34864097
352.49324
2.6212997
0.5289042
547.21552
0.15859685
2.1357977
7.1409532
10.516401
535.42505
2.5468101
3.136104
8.4975142
0.30319969
1.26234
1540.083
2.8296761
42.673666
101.90044
2.710162
4.3101125
714.06535
0.34457977
0.14123383
0.74695421
251.6394
5.8398999
1323.0187
33.849251
0.40122207
260.61436
3.3944113
2.6747589
323.48595
0.22901547
0.69796695
393.6545
52.363463
7.3847658
92.106025
3.6522719
2.0111361
2.2317144
88.792321
3.0060762
83.243909
2.8761129
4.4309659
115.99531
24.849711
10.936385
1.722438
265.7626
0.27238493
145.72453
3.5082475
0.18199562
21.804058
0.2745621
236.48759
2.0441377
1.0751268
57.158728
452.7151
4.8827742
0.43676512
34.114965
0.92267679
86.002608
0.20306768
5.7917576
184.58439
5.9727693
7.4129279
266.56407
0.82998721
3.446993
0.41858097
184.91213
4.599064
184.25605
3.6443597
2.6351489
4.0410751
31.877095
12.095461
1.417942
0.32617591
0.19882494
366.08144
1.5490841
150.15956
4.6492532
418.00926
241.74674
430.24783
174.33993
1.3385254
2.8981608
13.996273
330.04271
995.18304
572.22516
49.465091
2.518382
171.15712
0.61801735
0.10370655
2.6349724
271.60415
0.15238378
0.75516916
15.555371
0.83516117
3.5752539
28.212089
2.366479
168.64793
505.0684
0.99693681
0.99594537
11.364595
761.5112
7.3731263
72.452482
471.73449
37.478906
361.42937
407.02008
77.159605
972.60581
13.916627
0.26903909
0.19589315
411.71103
40.813184
8.4399142
198.21378
0.37291895
7.3955568
500.72644
4.6851208
3.7443402
4.5341774
469.65171
701.1476
1.0109842
5.3726509
121.96707
376.65223
39.092314
1.4263736
248.12323
1.2325557
183.70186
6.6268801
1.4692867
6.313443
503.38038
155.2265
137.91661
6.1219937
545.49209
0.54212515
270.59401
363.112
0.98079609
0.82843035
0.8252359
124.5868
1.989379
283.55018
465.98562
90.37236
127.20814
3.3492506
1.5438245
1.2243964
2.5180215
0.94278362
330.39852
208.08421
4.34184
34.288973
3.6674772
697.26476
1.3337005
138.18471
0.24874274
1.348706
10.29372
0.41749613
27.613993
5.5854351
539.51327
739.34531
151.4738
4.2605847
3.3940635
309.8731
188.11301
521.0313
1.1678985
816.21135
0.6317895
0.068492393
49.344829
1.0637288
1.9962
41.10514
0.71937885
2.8337623
9.71774
92.931758
233.06992
313.76066
179.44781
4.9146663
4.1903293
143.1524
0.21894567
7.7159521
42.630961
2.462007
5.7649272
317.86778
30.418952
1.351211
43.199012
0.21919211
33.364723
278.12479
77.916518
399.5347
183.95173
225.81901
51.422364
2.8137748
266.83277
75.010212
45.945622
0.63209509
6.1964858
1.6559023
12.285045
3.3430989
1.9441785
67.793876
203.05988
77.548559
0.37490778
1.2727942
588.50199
0.19024855
31.975435
3.2952853
8.8905232
2.6106362
4.3883892
270.83068
38.775791
5.7217986
247.66573
6.5971875
4.1892484
1.0699242
0.26629884
836.93243
687.54448
167.38305
157.35188
5.2190068
5.944525
134.26246
123.94193
458.29643
4.0843779
368.98772
236.33021
169.79185
0.99873447
0.44515495
371.78342
0.43700056
8.5291615
6.7815216
486.48196
2.0157894
1.3283627
2.8423328
126.71377
0.33080838
1.2164792
107.07762
0.47105169
2.3752924
250.03219
2.6730716
1.4505215
186.46077
603.7444
442.9331
3.7610757
1.4323456
0.59312117
5.3059217
21.177961
47.506206
510.48194
1.1039908
241.3832
0.92036843
1.1651232
608.00841
0.55092375
19.119845
1.531652
383.20249
1155.1591
54.326731
0.29515671
2.687315
1.6712492
0.60019614
2.9976529
624.56619
8.8965186
678.87189
0.76068765
251.77088
2.3926631
4.5498476
1.5765363
13.42636
0.62975624
0.099972978
0.90818328
23.228382
35.048491
223.92658
0.68435138
438.99528
0.96713279
52.044643
5.7483163
0.45565385
0.55346331
10.253072
1.9872886
107.50087
9.3290526
45.341066
1370.2105
0.9943887
5.2435318
0.21352766
298.49757
16.87044
1.0890894
0.061994493
12.313166
505.80034
0.54030712
6.1410016
52.162956
6.0779358
168.74835
448.08053
38.143747
260.21454
62.546019
1.0285991
172.91317
0.36641824
0.086273594
6.3938721
2.2901806
0.53657665
33.458269
90.996467
463.73702
4.5428035
149.93995
2.6978279
3.5349545
185.78539
5.5577164
0.75315823
170.52779
1.0487021
190.91622
5.1001394
0.31896683
256.64784
81.152538
6.8134023
3.6033395
1.8706004
1270.2013
0.28723163
665.86097
0.39850507
2.6686359
298.53465
118.10349
0.62945787
293.68976
3.823087
25.44514
151.17406
7.6616562
503.92772
2.6075244
152.67991
1.6518874
178.55827
1.4636289
0.92644355
0.20163179
0.18910032
223.56632
5.0133054
414.65153
7.9529734
60.171346
10.104075
1.237035
212.09819
0.94967174
277.31493
141.32669
4.8628464
338.16088
10.934678
15.038162
8.8767762
143.70963
10.067229
97.007768
438.97323
219.03101
1.3611922
0.15442009
0.10593238
0.94554193
9.4376463
0.36066905
675.39717
7.1809374
273.80553
426.682
603.6047
0.46756246
4.6915074
12.394245
191.31449
669.4
0.26623507
0.84237729
2.9817561
0.22038047
293.19497
1.8276491
25.036141
104.2788
1.6177411
39.795496
1172.616
17.392476
225.05678
0.74810141
1.0148688
0.20626926
2.3761453
0.31569427
41.268342
170.50154
4.2524457
141.73449
490.99365
13.353957
48.067627
253.97944
0.32202109
1.380192
130.39614
0.2942816
1.9325398
124.93308
3.5751855
0.8858496
425.76934
2.018161
6.5113008
1.8856216
0.068172557
65.032364
30.698635
0.52380516
691.28383
5.5916692
136.16302
2.4011093